%YAML:1.0
---
depthShift: -5.4377969478027328e+00
