%YAML:1.0
---
cameraMatrix: !!opencv-matrix
   rows: 3
   cols: 3
   dt: d
   data: [ 1.0831707877449214e+03, 0., 9.6050910478792844e+02, 0.,
       1.0844660943684198e+03, 5.6003943522755389e+02, 0., 0., 1. ]
distortionCoefficients: !!opencv-matrix
   rows: 1
   cols: 5
   dt: d
   data: [ 7.2598744165105519e-02, -1.0192251245785711e-01,
       4.2364715039375838e-03, -1.6023424030674120e-03,
       2.9070230335691760e-03 ]
rotation: !!opencv-matrix
   rows: 0
   cols: 0
   dt: u
   data: []
projection: !!opencv-matrix
   rows: 0
   cols: 0
   dt: u
   data: []
