%YAML:1.0
---
rotation: !!opencv-matrix
   rows: 3
   cols: 3
   dt: d
   data: [ 9.9982332916603733e-01, -9.7231015679271650e-03,
       1.6086384032512835e-02, 9.9558904325555177e-03,
       9.9984595559251976e-01, -1.4454941403410504e-02,
       -1.5943359151592271e-02, 1.4612541913741567e-02,
       9.9976611410758598e-01 ]
translation: !!opencv-matrix
   rows: 3
   cols: 1
   dt: d
   data: [ -5.0824275581277223e-02, -6.2619214858900170e-04,
       -8.8248870138338178e-03 ]
essential: !!opencv-matrix
   rows: 3
   cols: 3
   dt: d
   data: [ 9.7843214512273224e-05, 8.8143773303253799e-03,
       -7.5360891575619246e-04, -9.6336375928972613e-03,
       8.2847712992795315e-04, 5.0670427978678538e-02,
       1.2008059969868671e-04, -5.0822534915721460e-02,
       7.4473509277849653e-04 ]
fundamental: !!opencv-matrix
   rows: 3
   cols: 3
   dt: d
   data: [ 5.5646030899792972e-08, 5.0141322625758811e-06,
       -1.2039564643914842e-03, -5.4723610765906633e-06,
       4.7072323124899067e-07, 1.2036172239882712e-02,
       3.0852624933656045e-03, -3.6395103309173039e-02, 1. ]
