%YAML:1.0
---
cameraMatrix: !!opencv-matrix
   rows: 3
   cols: 3
   dt: d
   data: [ 1.0771640409928723e+03, 0., 9.4128611415973830e+02, 0.,
       1.0787057397740527e+03, 5.5601861860655333e+02, 0., 0., 1. ]
distortionCoefficients: !!opencv-matrix
   rows: 1
   cols: 5
   dt: d
   data: [ 9.4434120625982318e-02, -1.8367628553833751e-01,
       4.1538204636542850e-03, -2.3891839607395851e-03,
       1.0919713057708495e-01 ]
rotation: !!opencv-matrix
   rows: 0
   cols: 0
   dt: u
   data: []
projection: !!opencv-matrix
   rows: 0
   cols: 0
   dt: u
   data: []
