%YAML:1.0
---
rotation: !!opencv-matrix
   rows: 3
   cols: 3
   dt: d
   data: [ 9.9984187711884209e-01, -1.2870777302309278e-02,
       1.2270446247167967e-02, 1.2973919518509836e-02,
       9.9988085732146592e-01, -8.3635264343121119e-03,
       -1.2161339227137268e-02, 8.5213997514826303e-03,
       9.9988973770835243e-01 ]
translation: !!opencv-matrix
   rows: 3
   cols: 1
   dt: d
   data: [ -5.1057527055313641e-02, -5.9483061228421223e-04,
       -5.1847351439102312e-03 ]
essential: !!opencv-matrix
   rows: 3
   cols: 3
   dt: d
   data: [ 7.4500273340554924e-05, 5.1790486312460028e-03,
       -6.3812769432875990e-04, -5.8048432252696437e-03,
       5.0181316976919234e-04, 5.0988278321485510e-02,
       -6.7679690875780806e-05, -5.1059099857124250e-02,
       4.3431981425192491e-04 ]
fundamental: !!opencv-matrix
   rows: 3
   cols: 3
   dt: d
   data: [ 3.8573078912368406e-08, 2.6843231698429434e-06,
       -7.0069761448158629e-04, -3.0012059021553757e-06,
       2.5972019674180596e-07, 1.0433209392183821e-02,
       1.5946724285296693e-03, -3.1177357174262583e-02, 1. ]
