%YAML:1.0
---
depthShift: -7.8744484953693492e+00
