%YAML:1.0
---
depthShift: -4.0383371235904599e+00
