%YAML:1.0
---
cameraMatrix: !!opencv-matrix
   rows: 3
   cols: 3
   dt: d
   data: [ 1.0835894274584887e+03, 0., 9.4039089182705470e+02, 0.,
       1.0862291990112226e+03, 5.5244258739884629e+02, 0., 0., 1. ]
distortionCoefficients: !!opencv-matrix
   rows: 1
   cols: 5
   dt: d
   data: [ 8.3402088174699421e-02, -1.4143198678735580e-01,
       3.5381002244605415e-03, -1.9574603070194032e-03,
       6.0920293380845252e-02 ]
rotation: !!opencv-matrix
   rows: 0
   cols: 0
   dt: u
   data: []
projection: !!opencv-matrix
   rows: 0
   cols: 0
   dt: u
   data: []
