%YAML:1.0
---
rotation: !!opencv-matrix
   rows: 3
   cols: 3
   dt: d
   data: [ 9.9995583910408159e-01, -3.8648671689435277e-03,
       8.5663669906497313e-03, 3.8420804934991663e-03,
       9.9998904166065716e-01, 2.6748787041458101e-03,
       -8.5766111683778755e-03, -2.6418479075908216e-03,
       9.9995973037942865e-01 ]
translation: !!opencv-matrix
   rows: 3
   cols: 1
   dt: d
   data: [ -5.0832262340365877e-02, -4.0972600013841382e-04,
       -7.0930629400361433e-03 ]
essential: !!opencv-matrix
   rows: 3
   cols: 3
   dt: d
   data: [ 3.0766179349836628e-05, 7.0940676456216177e-03,
       -3.9073641762238148e-04, -7.5287182529242018e-03,
       -1.0687735981780758e-04, 5.0769453564216520e-02,
       2.1440626269281465e-04, -5.0833288839751786e-02,
       -1.3246027273500108e-04 ]
fundamental: !!opencv-matrix
   rows: 3
   cols: 3
   dt: d
   data: [ 1.5725434569207321e-08, 3.6233071302990140e-06,
       -8.6398745582835161e-04, -3.8387817321572980e-06,
       -5.4455133397633218e-08, 1.0601306553451286e-02,
       2.2246678271258093e-03, -3.1510678616310406e-02, 1. ]
