%YAML:1.0
---
cameraMatrix: !!opencv-matrix
   rows: 3
   cols: 3
   dt: d
   data: [ 3.7100116671318614e+02, 0., 2.5673257967092150e+02, 0.,
       3.7127400307555445e+02, 2.1688896545189249e+02, 0., 0., 1. ]
distortionCoefficients: !!opencv-matrix
   rows: 1
   cols: 5
   dt: d
   data: [ 1.3149543012201717e-01, -3.9282604884271594e-01,
       5.6556534836516440e-03, -1.2134093835681438e-03,
       1.7844224858911167e-01 ]
rotation: !!opencv-matrix
   rows: 0
   cols: 0
   dt: u
   data: []
projection: !!opencv-matrix
   rows: 0
   cols: 0
   dt: u
   data: []
