%YAML:1.0
---
depthShift: -3.0477660309563182e+00
