%YAML:1.0
---
rotation: !!opencv-matrix
   rows: 3
   cols: 3
   dt: d
   data: [ 9.9995398682217629e-01, -9.5451750457671968e-03,
       -9.5596641184222226e-04, 9.5388173430650276e-03,
       9.9993371594690506e-01, -6.4478427640465635e-03,
       1.0174488343642357e-03, 6.4384272893222129e-03,
       9.9997875550029036e-01 ]
translation: !!opencv-matrix
   rows: 3
   cols: 1
   dt: d
   data: [ -5.1295032138383163e-02, -7.7060372122002979e-04,
       -1.1298704194462893e-02 ]
essential: !!opencv-matrix
   rows: 3
   cols: 3
   dt: d
   data: [ 1.0699222566639216e-04, 1.1292993794526208e-02,
       -8.4343961821286824e-04, -1.1245994234519743e-02,
       4.3810744405291848e-04, 5.1304743582795041e-02,
       2.8127432111928641e-04, -5.1298987643159363e-02,
       3.3000563053068286e-04 ]
fundamental: !!opencv-matrix
   rows: 3
   cols: 3
   dt: d
   data: [ 6.6850447709935556e-08, 7.0450096494812130e-06,
       -1.6850797515096825e-03, -7.0206119757035829e-06,
       2.7307261612693049e-07, 1.3609828180123009e-02,
       4.1875941217717500e-03, -4.1474204029129498e-02, 1. ]
